{
 "cells": [
  {
   "cell_type": "code",
   "execution_count": 21,
   "id": "016ae718-7349-4c70-b994-6678b618e23d",
   "metadata": {
    "execution": {
     "iopub.execute_input": "2025-08-05T15:23:45.295804Z",
     "iopub.status.busy": "2025-08-05T15:23:45.295488Z",
     "iopub.status.idle": "2025-08-05T15:23:45.362399Z",
     "shell.execute_reply": "2025-08-05T15:23:45.361752Z",
     "shell.execute_reply.started": "2025-08-05T15:23:45.295783Z"
    }
   },
   "outputs": [
    {
     "data": {
      "text/html": [
       "<div>\n",
       "<style scoped>\n",
       "    .dataframe tbody tr th:only-of-type {\n",
       "        vertical-align: middle;\n",
       "    }\n",
       "\n",
       "    .dataframe tbody tr th {\n",
       "        vertical-align: top;\n",
       "    }\n",
       "\n",
       "    .dataframe thead th {\n",
       "        text-align: right;\n",
       "    }\n",
       "</style>\n",
       "<table border=\"1\" class=\"dataframe\">\n",
       "  <thead>\n",
       "    <tr style=\"text-align: right;\">\n",
       "      <th></th>\n",
       "      <th>id</th>\n",
       "      <th>date</th>\n",
       "      <th>price</th>\n",
       "      <th>bedrooms</th>\n",
       "      <th>bathrooms</th>\n",
       "      <th>sqft_living</th>\n",
       "      <th>sqft_lot</th>\n",
       "      <th>floors</th>\n",
       "      <th>waterfront</th>\n",
       "      <th>view</th>\n",
       "      <th>...</th>\n",
       "      <th>grade</th>\n",
       "      <th>sqft_above</th>\n",
       "      <th>sqft_basement</th>\n",
       "      <th>yr_built</th>\n",
       "      <th>yr_renovated</th>\n",
       "      <th>zipcode</th>\n",
       "      <th>lat</th>\n",
       "      <th>long</th>\n",
       "      <th>sqft_living15</th>\n",
       "      <th>sqft_lot15</th>\n",
       "    </tr>\n",
       "  </thead>\n",
       "  <tbody>\n",
       "    <tr>\n",
       "      <th>0</th>\n",
       "      <td>7129300520</td>\n",
       "      <td>20141013T000000</td>\n",
       "      <td>221900.0</td>\n",
       "      <td>3</td>\n",
       "      <td>1.00</td>\n",
       "      <td>1180</td>\n",
       "      <td>5650</td>\n",
       "      <td>1.0</td>\n",
       "      <td>0</td>\n",
       "      <td>0</td>\n",
       "      <td>...</td>\n",
       "      <td>7</td>\n",
       "      <td>1180</td>\n",
       "      <td>0</td>\n",
       "      <td>1955</td>\n",
       "      <td>0</td>\n",
       "      <td>98178</td>\n",
       "      <td>47.5112</td>\n",
       "      <td>-122.257</td>\n",
       "      <td>1340</td>\n",
       "      <td>5650</td>\n",
       "    </tr>\n",
       "    <tr>\n",
       "      <th>1</th>\n",
       "      <td>6414100192</td>\n",
       "      <td>20141209T000000</td>\n",
       "      <td>538000.0</td>\n",
       "      <td>3</td>\n",
       "      <td>2.25</td>\n",
       "      <td>2570</td>\n",
       "      <td>7242</td>\n",
       "      <td>2.0</td>\n",
       "      <td>0</td>\n",
       "      <td>0</td>\n",
       "      <td>...</td>\n",
       "      <td>7</td>\n",
       "      <td>2170</td>\n",
       "      <td>400</td>\n",
       "      <td>1951</td>\n",
       "      <td>1991</td>\n",
       "      <td>98125</td>\n",
       "      <td>47.7210</td>\n",
       "      <td>-122.319</td>\n",
       "      <td>1690</td>\n",
       "      <td>7639</td>\n",
       "    </tr>\n",
       "    <tr>\n",
       "      <th>2</th>\n",
       "      <td>5631500400</td>\n",
       "      <td>20150225T000000</td>\n",
       "      <td>180000.0</td>\n",
       "      <td>2</td>\n",
       "      <td>1.00</td>\n",
       "      <td>770</td>\n",
       "      <td>10000</td>\n",
       "      <td>1.0</td>\n",
       "      <td>0</td>\n",
       "      <td>0</td>\n",
       "      <td>...</td>\n",
       "      <td>6</td>\n",
       "      <td>770</td>\n",
       "      <td>0</td>\n",
       "      <td>1933</td>\n",
       "      <td>0</td>\n",
       "      <td>98028</td>\n",
       "      <td>47.7379</td>\n",
       "      <td>-122.233</td>\n",
       "      <td>2720</td>\n",
       "      <td>8062</td>\n",
       "    </tr>\n",
       "    <tr>\n",
       "      <th>3</th>\n",
       "      <td>2487200875</td>\n",
       "      <td>20141209T000000</td>\n",
       "      <td>604000.0</td>\n",
       "      <td>4</td>\n",
       "      <td>3.00</td>\n",
       "      <td>1960</td>\n",
       "      <td>5000</td>\n",
       "      <td>1.0</td>\n",
       "      <td>0</td>\n",
       "      <td>0</td>\n",
       "      <td>...</td>\n",
       "      <td>7</td>\n",
       "      <td>1050</td>\n",
       "      <td>910</td>\n",
       "      <td>1965</td>\n",
       "      <td>0</td>\n",
       "      <td>98136</td>\n",
       "      <td>47.5208</td>\n",
       "      <td>-122.393</td>\n",
       "      <td>1360</td>\n",
       "      <td>5000</td>\n",
       "    </tr>\n",
       "    <tr>\n",
       "      <th>4</th>\n",
       "      <td>1954400510</td>\n",
       "      <td>20150218T000000</td>\n",
       "      <td>510000.0</td>\n",
       "      <td>3</td>\n",
       "      <td>2.00</td>\n",
       "      <td>1680</td>\n",
       "      <td>8080</td>\n",
       "      <td>1.0</td>\n",
       "      <td>0</td>\n",
       "      <td>0</td>\n",
       "      <td>...</td>\n",
       "      <td>8</td>\n",
       "      <td>1680</td>\n",
       "      <td>0</td>\n",
       "      <td>1987</td>\n",
       "      <td>0</td>\n",
       "      <td>98074</td>\n",
       "      <td>47.6168</td>\n",
       "      <td>-122.045</td>\n",
       "      <td>1800</td>\n",
       "      <td>7503</td>\n",
       "    </tr>\n",
       "    <tr>\n",
       "      <th>...</th>\n",
       "      <td>...</td>\n",
       "      <td>...</td>\n",
       "      <td>...</td>\n",
       "      <td>...</td>\n",
       "      <td>...</td>\n",
       "      <td>...</td>\n",
       "      <td>...</td>\n",
       "      <td>...</td>\n",
       "      <td>...</td>\n",
       "      <td>...</td>\n",
       "      <td>...</td>\n",
       "      <td>...</td>\n",
       "      <td>...</td>\n",
       "      <td>...</td>\n",
       "      <td>...</td>\n",
       "      <td>...</td>\n",
       "      <td>...</td>\n",
       "      <td>...</td>\n",
       "      <td>...</td>\n",
       "      <td>...</td>\n",
       "      <td>...</td>\n",
       "    </tr>\n",
       "    <tr>\n",
       "      <th>21608</th>\n",
       "      <td>263000018</td>\n",
       "      <td>20140521T000000</td>\n",
       "      <td>360000.0</td>\n",
       "      <td>3</td>\n",
       "      <td>2.50</td>\n",
       "      <td>1530</td>\n",
       "      <td>1131</td>\n",
       "      <td>3.0</td>\n",
       "      <td>0</td>\n",
       "      <td>0</td>\n",
       "      <td>...</td>\n",
       "      <td>8</td>\n",
       "      <td>1530</td>\n",
       "      <td>0</td>\n",
       "      <td>2009</td>\n",
       "      <td>0</td>\n",
       "      <td>98103</td>\n",
       "      <td>47.6993</td>\n",
       "      <td>-122.346</td>\n",
       "      <td>1530</td>\n",
       "      <td>1509</td>\n",
       "    </tr>\n",
       "    <tr>\n",
       "      <th>21609</th>\n",
       "      <td>6600060120</td>\n",
       "      <td>20150223T000000</td>\n",
       "      <td>400000.0</td>\n",
       "      <td>4</td>\n",
       "      <td>2.50</td>\n",
       "      <td>2310</td>\n",
       "      <td>5813</td>\n",
       "      <td>2.0</td>\n",
       "      <td>0</td>\n",
       "      <td>0</td>\n",
       "      <td>...</td>\n",
       "      <td>8</td>\n",
       "      <td>2310</td>\n",
       "      <td>0</td>\n",
       "      <td>2014</td>\n",
       "      <td>0</td>\n",
       "      <td>98146</td>\n",
       "      <td>47.5107</td>\n",
       "      <td>-122.362</td>\n",
       "      <td>1830</td>\n",
       "      <td>7200</td>\n",
       "    </tr>\n",
       "    <tr>\n",
       "      <th>21610</th>\n",
       "      <td>1523300141</td>\n",
       "      <td>20140623T000000</td>\n",
       "      <td>402101.0</td>\n",
       "      <td>2</td>\n",
       "      <td>0.75</td>\n",
       "      <td>1020</td>\n",
       "      <td>1350</td>\n",
       "      <td>2.0</td>\n",
       "      <td>0</td>\n",
       "      <td>0</td>\n",
       "      <td>...</td>\n",
       "      <td>7</td>\n",
       "      <td>1020</td>\n",
       "      <td>0</td>\n",
       "      <td>2009</td>\n",
       "      <td>0</td>\n",
       "      <td>98144</td>\n",
       "      <td>47.5944</td>\n",
       "      <td>-122.299</td>\n",
       "      <td>1020</td>\n",
       "      <td>2007</td>\n",
       "    </tr>\n",
       "    <tr>\n",
       "      <th>21611</th>\n",
       "      <td>291310100</td>\n",
       "      <td>20150116T000000</td>\n",
       "      <td>400000.0</td>\n",
       "      <td>3</td>\n",
       "      <td>2.50</td>\n",
       "      <td>1600</td>\n",
       "      <td>2388</td>\n",
       "      <td>2.0</td>\n",
       "      <td>0</td>\n",
       "      <td>0</td>\n",
       "      <td>...</td>\n",
       "      <td>8</td>\n",
       "      <td>1600</td>\n",
       "      <td>0</td>\n",
       "      <td>2004</td>\n",
       "      <td>0</td>\n",
       "      <td>98027</td>\n",
       "      <td>47.5345</td>\n",
       "      <td>-122.069</td>\n",
       "      <td>1410</td>\n",
       "      <td>1287</td>\n",
       "    </tr>\n",
       "    <tr>\n",
       "      <th>21612</th>\n",
       "      <td>1523300157</td>\n",
       "      <td>20141015T000000</td>\n",
       "      <td>325000.0</td>\n",
       "      <td>2</td>\n",
       "      <td>0.75</td>\n",
       "      <td>1020</td>\n",
       "      <td>1076</td>\n",
       "      <td>2.0</td>\n",
       "      <td>0</td>\n",
       "      <td>0</td>\n",
       "      <td>...</td>\n",
       "      <td>7</td>\n",
       "      <td>1020</td>\n",
       "      <td>0</td>\n",
       "      <td>2008</td>\n",
       "      <td>0</td>\n",
       "      <td>98144</td>\n",
       "      <td>47.5941</td>\n",
       "      <td>-122.299</td>\n",
       "      <td>1020</td>\n",
       "      <td>1357</td>\n",
       "    </tr>\n",
       "  </tbody>\n",
       "</table>\n",
       "<p>21613 rows × 21 columns</p>\n",
       "</div>"
      ],
      "text/plain": [
       "               id             date     price  bedrooms  bathrooms  \\\n",
       "0      7129300520  20141013T000000  221900.0         3       1.00   \n",
       "1      6414100192  20141209T000000  538000.0         3       2.25   \n",
       "2      5631500400  20150225T000000  180000.0         2       1.00   \n",
       "3      2487200875  20141209T000000  604000.0         4       3.00   \n",
       "4      1954400510  20150218T000000  510000.0         3       2.00   \n",
       "...           ...              ...       ...       ...        ...   \n",
       "21608   263000018  20140521T000000  360000.0         3       2.50   \n",
       "21609  6600060120  20150223T000000  400000.0         4       2.50   \n",
       "21610  1523300141  20140623T000000  402101.0         2       0.75   \n",
       "21611   291310100  20150116T000000  400000.0         3       2.50   \n",
       "21612  1523300157  20141015T000000  325000.0         2       0.75   \n",
       "\n",
       "       sqft_living  sqft_lot  floors  waterfront  view  ...  grade  \\\n",
       "0             1180      5650     1.0           0     0  ...      7   \n",
       "1             2570      7242     2.0           0     0  ...      7   \n",
       "2              770     10000     1.0           0     0  ...      6   \n",
       "3             1960      5000     1.0           0     0  ...      7   \n",
       "4             1680      8080     1.0           0     0  ...      8   \n",
       "...            ...       ...     ...         ...   ...  ...    ...   \n",
       "21608         1530      1131     3.0           0     0  ...      8   \n",
       "21609         2310      5813     2.0           0     0  ...      8   \n",
       "21610         1020      1350     2.0           0     0  ...      7   \n",
       "21611         1600      2388     2.0           0     0  ...      8   \n",
       "21612         1020      1076     2.0           0     0  ...      7   \n",
       "\n",
       "       sqft_above  sqft_basement  yr_built  yr_renovated  zipcode      lat  \\\n",
       "0            1180              0      1955             0    98178  47.5112   \n",
       "1            2170            400      1951          1991    98125  47.7210   \n",
       "2             770              0      1933             0    98028  47.7379   \n",
       "3            1050            910      1965             0    98136  47.5208   \n",
       "4            1680              0      1987             0    98074  47.6168   \n",
       "...           ...            ...       ...           ...      ...      ...   \n",
       "21608        1530              0      2009             0    98103  47.6993   \n",
       "21609        2310              0      2014             0    98146  47.5107   \n",
       "21610        1020              0      2009             0    98144  47.5944   \n",
       "21611        1600              0      2004             0    98027  47.5345   \n",
       "21612        1020              0      2008             0    98144  47.5941   \n",
       "\n",
       "          long  sqft_living15  sqft_lot15  \n",
       "0     -122.257           1340        5650  \n",
       "1     -122.319           1690        7639  \n",
       "2     -122.233           2720        8062  \n",
       "3     -122.393           1360        5000  \n",
       "4     -122.045           1800        7503  \n",
       "...        ...            ...         ...  \n",
       "21608 -122.346           1530        1509  \n",
       "21609 -122.362           1830        7200  \n",
       "21610 -122.299           1020        2007  \n",
       "21611 -122.069           1410        1287  \n",
       "21612 -122.299           1020        1357  \n",
       "\n",
       "[21613 rows x 21 columns]"
      ]
     },
     "execution_count": 21,
     "metadata": {},
     "output_type": "execute_result"
    }
   ],
   "source": [
    "#Importamos nuestras librerias\n",
    "import pandas as pd\n",
    "import numpy as np\n",
    "import warnings # para evitar tantos avisos\n",
    "warnings.filterwarnings(\"ignore\")\n",
    "# Hacemos la lectura de nuestro archilvo\n",
    "data_kchouse = pd.read_csv(\"kc_house.csv\")\n",
    "data_kchouse"
   ]
  },
  {
   "cell_type": "code",
   "execution_count": 48,
   "id": "d786d27d-99fb-4246-8d53-556acc0fb3ba",
   "metadata": {
    "execution": {
     "iopub.execute_input": "2025-08-05T16:54:00.999489Z",
     "iopub.status.busy": "2025-08-05T16:54:00.999188Z",
     "iopub.status.idle": "2025-08-05T16:54:01.016178Z",
     "shell.execute_reply": "2025-08-05T16:54:01.015638Z",
     "shell.execute_reply.started": "2025-08-05T16:54:00.999467Z"
    }
   },
   "outputs": [
    {
     "name": "stdout",
     "output_type": "stream",
     "text": [
      "(21613, 22)\n"
     ]
    },
    {
     "data": {
      "text/html": [
       "<div>\n",
       "<style scoped>\n",
       "    .dataframe tbody tr th:only-of-type {\n",
       "        vertical-align: middle;\n",
       "    }\n",
       "\n",
       "    .dataframe tbody tr th {\n",
       "        vertical-align: top;\n",
       "    }\n",
       "\n",
       "    .dataframe thead th {\n",
       "        text-align: right;\n",
       "    }\n",
       "</style>\n",
       "<table border=\"1\" class=\"dataframe\">\n",
       "  <thead>\n",
       "    <tr style=\"text-align: right;\">\n",
       "      <th></th>\n",
       "      <th>Intercept</th>\n",
       "      <th>id</th>\n",
       "      <th>date</th>\n",
       "      <th>price</th>\n",
       "      <th>bedrooms</th>\n",
       "      <th>bathrooms</th>\n",
       "      <th>sqft_living</th>\n",
       "      <th>sqft_lot</th>\n",
       "      <th>floors</th>\n",
       "      <th>waterfront</th>\n",
       "      <th>...</th>\n",
       "      <th>grade</th>\n",
       "      <th>sqft_above</th>\n",
       "      <th>sqft_basement</th>\n",
       "      <th>yr_built</th>\n",
       "      <th>yr_renovated</th>\n",
       "      <th>zipcode</th>\n",
       "      <th>lat</th>\n",
       "      <th>long</th>\n",
       "      <th>sqft_living15</th>\n",
       "      <th>sqft_lot15</th>\n",
       "    </tr>\n",
       "  </thead>\n",
       "  <tbody>\n",
       "    <tr>\n",
       "      <th>0</th>\n",
       "      <td>1</td>\n",
       "      <td>7129300520</td>\n",
       "      <td>20141013T000000</td>\n",
       "      <td>221900.0</td>\n",
       "      <td>3</td>\n",
       "      <td>1.00</td>\n",
       "      <td>1180</td>\n",
       "      <td>5650</td>\n",
       "      <td>1.0</td>\n",
       "      <td>0</td>\n",
       "      <td>...</td>\n",
       "      <td>7</td>\n",
       "      <td>1180</td>\n",
       "      <td>0</td>\n",
       "      <td>1955</td>\n",
       "      <td>0</td>\n",
       "      <td>98178</td>\n",
       "      <td>47.5112</td>\n",
       "      <td>-122.257</td>\n",
       "      <td>1340</td>\n",
       "      <td>5650</td>\n",
       "    </tr>\n",
       "    <tr>\n",
       "      <th>1</th>\n",
       "      <td>1</td>\n",
       "      <td>6414100192</td>\n",
       "      <td>20141209T000000</td>\n",
       "      <td>538000.0</td>\n",
       "      <td>3</td>\n",
       "      <td>2.25</td>\n",
       "      <td>2570</td>\n",
       "      <td>7242</td>\n",
       "      <td>2.0</td>\n",
       "      <td>0</td>\n",
       "      <td>...</td>\n",
       "      <td>7</td>\n",
       "      <td>2170</td>\n",
       "      <td>400</td>\n",
       "      <td>1951</td>\n",
       "      <td>1991</td>\n",
       "      <td>98125</td>\n",
       "      <td>47.7210</td>\n",
       "      <td>-122.319</td>\n",
       "      <td>1690</td>\n",
       "      <td>7639</td>\n",
       "    </tr>\n",
       "    <tr>\n",
       "      <th>2</th>\n",
       "      <td>1</td>\n",
       "      <td>5631500400</td>\n",
       "      <td>20150225T000000</td>\n",
       "      <td>180000.0</td>\n",
       "      <td>2</td>\n",
       "      <td>1.00</td>\n",
       "      <td>770</td>\n",
       "      <td>10000</td>\n",
       "      <td>1.0</td>\n",
       "      <td>0</td>\n",
       "      <td>...</td>\n",
       "      <td>6</td>\n",
       "      <td>770</td>\n",
       "      <td>0</td>\n",
       "      <td>1933</td>\n",
       "      <td>0</td>\n",
       "      <td>98028</td>\n",
       "      <td>47.7379</td>\n",
       "      <td>-122.233</td>\n",
       "      <td>2720</td>\n",
       "      <td>8062</td>\n",
       "    </tr>\n",
       "    <tr>\n",
       "      <th>3</th>\n",
       "      <td>1</td>\n",
       "      <td>2487200875</td>\n",
       "      <td>20141209T000000</td>\n",
       "      <td>604000.0</td>\n",
       "      <td>4</td>\n",
       "      <td>3.00</td>\n",
       "      <td>1960</td>\n",
       "      <td>5000</td>\n",
       "      <td>1.0</td>\n",
       "      <td>0</td>\n",
       "      <td>...</td>\n",
       "      <td>7</td>\n",
       "      <td>1050</td>\n",
       "      <td>910</td>\n",
       "      <td>1965</td>\n",
       "      <td>0</td>\n",
       "      <td>98136</td>\n",
       "      <td>47.5208</td>\n",
       "      <td>-122.393</td>\n",
       "      <td>1360</td>\n",
       "      <td>5000</td>\n",
       "    </tr>\n",
       "    <tr>\n",
       "      <th>4</th>\n",
       "      <td>1</td>\n",
       "      <td>1954400510</td>\n",
       "      <td>20150218T000000</td>\n",
       "      <td>510000.0</td>\n",
       "      <td>3</td>\n",
       "      <td>2.00</td>\n",
       "      <td>1680</td>\n",
       "      <td>8080</td>\n",
       "      <td>1.0</td>\n",
       "      <td>0</td>\n",
       "      <td>...</td>\n",
       "      <td>8</td>\n",
       "      <td>1680</td>\n",
       "      <td>0</td>\n",
       "      <td>1987</td>\n",
       "      <td>0</td>\n",
       "      <td>98074</td>\n",
       "      <td>47.6168</td>\n",
       "      <td>-122.045</td>\n",
       "      <td>1800</td>\n",
       "      <td>7503</td>\n",
       "    </tr>\n",
       "  </tbody>\n",
       "</table>\n",
       "<p>5 rows × 22 columns</p>\n",
       "</div>"
      ],
      "text/plain": [
       "   Intercept          id             date     price  bedrooms  bathrooms  \\\n",
       "0          1  7129300520  20141013T000000  221900.0         3       1.00   \n",
       "1          1  6414100192  20141209T000000  538000.0         3       2.25   \n",
       "2          1  5631500400  20150225T000000  180000.0         2       1.00   \n",
       "3          1  2487200875  20141209T000000  604000.0         4       3.00   \n",
       "4          1  1954400510  20150218T000000  510000.0         3       2.00   \n",
       "\n",
       "   sqft_living  sqft_lot  floors  waterfront  ...  grade  sqft_above  \\\n",
       "0         1180      5650     1.0           0  ...      7        1180   \n",
       "1         2570      7242     2.0           0  ...      7        2170   \n",
       "2          770     10000     1.0           0  ...      6         770   \n",
       "3         1960      5000     1.0           0  ...      7        1050   \n",
       "4         1680      8080     1.0           0  ...      8        1680   \n",
       "\n",
       "   sqft_basement  yr_built  yr_renovated  zipcode      lat     long  \\\n",
       "0              0      1955             0    98178  47.5112 -122.257   \n",
       "1            400      1951          1991    98125  47.7210 -122.319   \n",
       "2              0      1933             0    98028  47.7379 -122.233   \n",
       "3            910      1965             0    98136  47.5208 -122.393   \n",
       "4              0      1987             0    98074  47.6168 -122.045   \n",
       "\n",
       "   sqft_living15  sqft_lot15  \n",
       "0           1340        5650  \n",
       "1           1690        7639  \n",
       "2           2720        8062  \n",
       "3           1360        5000  \n",
       "4           1800        7503  \n",
       "\n",
       "[5 rows x 22 columns]"
      ]
     },
     "execution_count": 48,
     "metadata": {},
     "output_type": "execute_result"
    }
   ],
   "source": [
    "# Agregamos una columna de \"1\" para el cálculo del intercepto\n",
    "data_kchouse[\"Intercept\"] = 1 \n",
    "data_kchouse = data_kchouse[[\"Intercept\",\"id\",\"date\",\"price\",\"bedrooms\",\"bathrooms\",\"sqft_living\",\"sqft_lot\",\"floors\",\"waterfront\",\"view\",\"condition\",\"grade\",\"sqft_above\",\"sqft_basement\",\"yr_built\",\"yr_renovated\",\"zipcode\",\"lat\",\"long\",\"sqft_living15\",\"sqft_lot15\"]]\n",
    "print(data_kchouse.shape)\n",
    "data_kchouse.head()"
   ]
  },
  {
   "cell_type": "markdown",
   "id": "ae98a532-c729-4f4a-a6e5-e8268d31d84e",
   "metadata": {
    "execution": {
     "iopub.execute_input": "2025-08-05T15:23:34.890438Z",
     "iopub.status.busy": "2025-08-05T15:23:34.890106Z",
     "iopub.status.idle": "2025-08-05T15:23:34.913949Z",
     "shell.execute_reply": "2025-08-05T15:23:34.913338Z",
     "shell.execute_reply.started": "2025-08-05T15:23:34.890416Z"
    }
   },
   "source": [
    "Ahora nuestra Base de datos nos queda con 21,613 filas y 22 columnas, pero para nuestro análisis posemos omitir \"date\" e \"id\" pues no tienen aportación.\n",
    "- Por lo tanto para este análisis tomaremos como **variables independientes** las características, osea todas las columnas, excepto 'price', 'id', y 'date'.\n",
    "- Nuestra **variable dependiente** (objetivo) será **\"price\"**"
   ]
  },
  {
   "cell_type": "code",
   "execution_count": 51,
   "id": "2c3f9415-786d-4aa6-a21b-e28adcf0d9c2",
   "metadata": {
    "execution": {
     "iopub.execute_input": "2025-08-05T16:56:15.332780Z",
     "iopub.status.busy": "2025-08-05T16:56:15.332464Z",
     "iopub.status.idle": "2025-08-05T16:56:15.339111Z",
     "shell.execute_reply": "2025-08-05T16:56:15.338536Z",
     "shell.execute_reply.started": "2025-08-05T16:56:15.332758Z"
    }
   },
   "outputs": [],
   "source": [
    "# Ahora definimos nuestro matriz X y nuestra matriz Y\n",
    "Xdata = data_kchouse[[\"Intercept\",\"bedrooms\",\"bathrooms\",\"sqft_living\",\"sqft_lot\",\"floors\",\"waterfront\",\"view\",\"condition\",\"grade\",\"sqft_above\",\"sqft_basement\",\"yr_built\",\"yr_renovated\",\"zipcode\",\"lat\",\"long\",\"sqft_living15\",\"sqft_lot15\"]]. values\n",
    "Ydata = data_kchouse[[\"price\"]]. values"
   ]
  },
  {
   "cell_type": "markdown",
   "id": "7a9321da-d7df-4e18-87c2-4f426759f987",
   "metadata": {},
   "source": [
    "Ahora haremos una base de entrenamiento y después una base de prueba para verificar nuestro modelo."
   ]
  },
  {
   "cell_type": "code",
   "execution_count": 96,
   "id": "bfd83b67-9236-4850-9ab3-c77587d9a1fe",
   "metadata": {
    "execution": {
     "iopub.execute_input": "2025-08-05T17:21:48.909117Z",
     "iopub.status.busy": "2025-08-05T17:21:48.908798Z",
     "iopub.status.idle": "2025-08-05T17:21:48.916220Z",
     "shell.execute_reply": "2025-08-05T17:21:48.915619Z",
     "shell.execute_reply.started": "2025-08-05T17:21:48.909096Z"
    }
   },
   "outputs": [],
   "source": [
    "# Dividiremos nuestros datos en base de entrenamiento y prueba con la libreria de Sklearn\n",
    "from sklearn.model_selection import train_test_split\n",
    "X_train, X_test, Y_train, Y_test = train_test_split(Xdata, Ydata, test_size = 0.3, random_state = 1) "
   ]
  },
  {
   "cell_type": "code",
   "execution_count": 97,
   "id": "e28387d4-2c97-407d-8735-418fde985186",
   "metadata": {
    "execution": {
     "iopub.execute_input": "2025-08-05T17:21:49.387118Z",
     "iopub.status.busy": "2025-08-05T17:21:49.386798Z",
     "iopub.status.idle": "2025-08-05T17:21:49.390156Z",
     "shell.execute_reply": "2025-08-05T17:21:49.389594Z",
     "shell.execute_reply.started": "2025-08-05T17:21:49.387097Z"
    }
   },
   "outputs": [],
   "source": [
    "X = X_train\n",
    "Y = Y_train"
   ]
  },
  {
   "cell_type": "code",
   "execution_count": 98,
   "id": "a5b0f7eb-4518-4008-b123-f1537f793ef0",
   "metadata": {
    "execution": {
     "iopub.execute_input": "2025-08-05T17:21:49.645475Z",
     "iopub.status.busy": "2025-08-05T17:21:49.645128Z",
     "iopub.status.idle": "2025-08-05T17:21:49.649658Z",
     "shell.execute_reply": "2025-08-05T17:21:49.649095Z",
     "shell.execute_reply.started": "2025-08-05T17:21:49.645451Z"
    }
   },
   "outputs": [
    {
     "data": {
      "text/plain": [
       "15129"
      ]
     },
     "execution_count": 98,
     "metadata": {},
     "output_type": "execute_result"
    }
   ],
   "source": [
    "X.shape[0]"
   ]
  },
  {
   "cell_type": "markdown",
   "id": "90194592-a2b0-4e10-9f6d-4252775d3726",
   "metadata": {},
   "source": [
    "Nos arroja una base de entrenamiento de 15,129 renglones para nuestro modelo"
   ]
  },
  {
   "cell_type": "code",
   "execution_count": 99,
   "id": "aa92eb45-5c6d-451e-9525-e6bbb9b7ea73",
   "metadata": {
    "execution": {
     "iopub.execute_input": "2025-08-05T17:21:50.030712Z",
     "iopub.status.busy": "2025-08-05T17:21:50.029084Z",
     "iopub.status.idle": "2025-08-05T17:21:50.036588Z",
     "shell.execute_reply": "2025-08-05T17:21:50.035813Z",
     "shell.execute_reply.started": "2025-08-05T17:21:50.030677Z"
    }
   },
   "outputs": [
    {
     "data": {
      "text/plain": [
       "19"
      ]
     },
     "execution_count": 99,
     "metadata": {},
     "output_type": "execute_result"
    }
   ],
   "source": [
    "X.shape[1]"
   ]
  },
  {
   "cell_type": "markdown",
   "id": "434e2391-3f64-46c8-9f28-4b862eaa9d02",
   "metadata": {},
   "source": [
    "y conserbamos las 19 columnas que ya teniamos contempladas"
   ]
  },
  {
   "cell_type": "code",
   "execution_count": 100,
   "id": "d39379ab-1829-4d3e-9dce-58fd77894290",
   "metadata": {
    "execution": {
     "iopub.execute_input": "2025-08-05T17:21:50.548833Z",
     "iopub.status.busy": "2025-08-05T17:21:50.548240Z",
     "iopub.status.idle": "2025-08-05T17:21:50.557917Z",
     "shell.execute_reply": "2025-08-05T17:21:50.557102Z",
     "shell.execute_reply.started": "2025-08-05T17:21:50.548802Z"
    }
   },
   "outputs": [
    {
     "data": {
      "text/plain": [
       "array([[15129.000000, 50963.000000, 32017.000000, 31442387.000000,\n",
       "        230231424.000000, 22665.000000, 116.000000, 3505.000000,\n",
       "        51592.000000, 115894.000000, 27017390.000000, 4424997.000000,\n",
       "        29820815.000000, 1271248.000000, 1483820520.000000,\n",
       "        719521.906700, -1848966.397000, 30017402.000000,\n",
       "        193331191.000000],\n",
       "       [50963.000000, 184941.000000, 113274.250000, 113202849.000000,\n",
       "        792701993.000000, 77591.000000, 372.000000, 12596.000000,\n",
       "        174087.000000, 396101.000000, 96448909.000000, 16753940.000000,\n",
       "        100513486.000000, 4378090.000000, 4998226160.000000,\n",
       "        2423751.361100, -6228097.770000, 104817301.000000,\n",
       "        662133752.000000],\n",
       "       [32017.000000, 113274.250000, 76568.375000, 74367338.750000,\n",
       "        529228587.750000, 51082.750000, 306.000000, 9001.500000,\n",
       "        108207.500000, 254161.750000, 63571004.750000, 10796334.000000,\n",
       "        63280042.500000, 2920942.750000, 3140032296.250000,\n",
       "        1522745.525575, -3912539.223500, 67932199.250000,\n",
       "        438003499.000000],\n",
       "       [31442387.000000, 113202849.000000, 74367338.750000,\n",
       "        77688746971.000000, 575423643809.000000, 49691571.000000,\n",
       "        358581.000000, 10127227.000000, 106683065.000000,\n",
       "        253007293.000000, 65907346719.000000, 11781400252.000000,\n",
       "        62104027960.000000, 2916435652.000000, 3083654586735.000000,\n",
       "        1495470821.007200, -3842211452.765000, 69386164211.000000,\n",
       "        471674253298.000000],\n",
       "       [230231424.000000, 792701993.000000, 529228587.750000,\n",
       "        575423643809.000000, 31855025051772.000000, 342386937.500000,\n",
       "        2984896.000000, 85867012.000000, 782119892.000000,\n",
       "        1844554097.000000, 504548499871.000000, 70875143938.000000,\n",
       "        454836234300.000000, 19554277260.000000, 22576202731173.000000,\n",
       "        10941874045.619505, -28117074084.646004, 515803572676.000000,\n",
       "        15886474400668.000000],\n",
       "       [22665.000000, 77591.000000, 51082.750000, 49691571.000000,\n",
       "        342386937.500000, 38385.500000, 192.000000, 5408.000000,\n",
       "        75865.500000, 177979.000000, 43977700.500000, 5713870.500000,\n",
       "        44793918.000000, 1915175.000000, 2222910156.500000,\n",
       "        1077980.398350, -2769822.711500, 46497583.000000,\n",
       "        287827704.000000],\n",
       "       [116.000000, 372.000000, 306.000000, 358581.000000,\n",
       "        2984896.000000, 192.000000, 116.000000, 435.000000, 414.000000,\n",
       "        1012.000000, 280695.000000, 77886.000000, 227698.000000,\n",
       "        57654.000000, 11379088.000000, 5514.504500, -14184.577000,\n",
       "        303046.000000, 2495640.000000],\n",
       "       [3505.000000, 12596.000000, 9001.500000, 10127227.000000,\n",
       "        85867012.000000, 5408.000000, 435.000000, 9619.000000,\n",
       "        12259.000000, 30150.000000, 7734045.000000, 2393182.000000,\n",
       "        6892066.000000, 745587.000000, 343816713.000000, 166699.339800,\n",
       "        -428485.603000, 9052063.000000, 67325022.000000],\n",
       "       [51592.000000, 174087.000000, 108207.500000, 106683065.000000,\n",
       "        782119892.000000, 75865.500000, 414.000000, 12259.000000,\n",
       "        182362.000000, 393523.000000, 90810383.000000, 15872682.000000,\n",
       "        101587211.000000, 4097279.000000, 5060037327.000000,\n",
       "        2453642.244400, -6305384.370000, 101715493.000000,\n",
       "        658068204.000000],\n",
       "       [115894.000000, 396101.000000, 254161.750000, 253007293.000000,\n",
       "        1844554097.000000, 177979.000000, 1012.000000, 30150.000000,\n",
       "        393523.000000, 908426.000000, 217850466.000000, 35156827.000000,\n",
       "        228670473.000000, 9789873.000000, 11366466675.000000,\n",
       "        5512099.026700, -14163296.132000, 238483847.000000,\n",
       "        1538933008.000000],\n",
       "       [27017390.000000, 96448909.000000, 63571004.750000,\n",
       "        65907346719.000000, 504548499871.000000, 43977700.500000,\n",
       "        280695.000000, 7734045.000000, 90810383.000000, 217850466.000000,\n",
       "        58353858862.000000, 7553487857.000000, 53409074582.000000,\n",
       "        2360607420.000000, 2649633805916.000000, 1284920913.566000,\n",
       "        -3301280137.341001, 59743833908.000000, 411415656695.000000],\n",
       "       [4424997.000000, 16753940.000000, 10796334.000000,\n",
       "        11781400252.000000, 70875143938.000000, 5713870.500000,\n",
       "        77886.000000, 2393182.000000, 15872682.000000, 35156827.000000,\n",
       "        7553487857.000000, 4227912395.000000, 8694953378.000000,\n",
       "        555828232.000000, 434020780819.000000, 210549907.441200,\n",
       "        -540931315.424000, 9642330303.000000, 60258596603.000000],\n",
       "       [29820815.000000, 100513486.000000, 63280042.500000,\n",
       "        62104027960.000000, 454836234300.000000, 44793918.000000,\n",
       "        227698.000000, 6892066.000000, 101587211.000000,\n",
       "        228670473.000000, 53409074582.000000, 8694953378.000000,\n",
       "        58792983581.000000, 2464909479.000000, 2924754608453.000000,\n",
       "        1418242702.683600, -3644477075.730001, 59265919557.000000,\n",
       "        381995064275.000000],\n",
       "       [1271248.000000, 4378090.000000, 2920942.750000,\n",
       "        2916435652.000000, 19554277260.000000, 1915175.000000,\n",
       "        57654.000000, 745587.000000, 4097279.000000, 9789873.000000,\n",
       "        2360607420.000000, 555828232.000000, 2464909479.000000,\n",
       "        2537159496.000000, 124702091481.000000, 60490466.340600,\n",
       "        -155420149.858000, 2510786006.000000, 16855694660.000000],\n",
       "       [1483820520.000000, 4998226160.000000, 3140032296.250000,\n",
       "        3083654586735.000000, 22576202731173.000000, 2222910156.500000,\n",
       "        11379088.000000, 343816713.000000, 5060037327.000000,\n",
       "        11366466675.000000, 2649633805916.000000, 434020780819.000000,\n",
       "        2924754608453.000000, 124702091481.000000,\n",
       "        145530041069914.000000, 70569226501.652283, -181342802207.122925,\n",
       "        2943889629452.000000, 18958262520245.000000],\n",
       "       [719521.906700, 2423751.361100, 1522745.525575, 1495470821.007200,\n",
       "        10941874045.619505, 1077980.398350, 5514.504500, 166699.339800,\n",
       "        2453642.244400, 5512099.026700, 1284920913.566000,\n",
       "        210549907.441200, 1418242702.683600, 60490466.340600,\n",
       "        70569226501.652283, 34220119.255042, -87935253.484720,\n",
       "        1427676610.325600, 9189663182.930897],\n",
       "       [-1848966.397000, -6228097.770000, -3912539.223500,\n",
       "        -3842211452.765000, -28117074084.646004, -2769822.711500,\n",
       "        -14184.577000, -428485.603000, -6305384.370000, -14163296.132000,\n",
       "        -3301280137.341001, -540931315.424000, -3644477075.730001,\n",
       "        -155420149.858000, -181342802207.122925, -87935253.484720,\n",
       "        225968752.887603, -3668034704.124000, -23612605206.399006],\n",
       "       [30017402.000000, 104817301.000000, 67932199.250000,\n",
       "        69386164211.000000, 515803572676.000000, 46497583.000000,\n",
       "        303046.000000, 9052063.000000, 101715493.000000,\n",
       "        238483847.000000, 59743833908.000000, 9642330303.000000,\n",
       "        59265919557.000000, 2510786006.000000, 2943889629452.000000,\n",
       "        1427676610.325600, -3668034704.124000, 66539877930.000000,\n",
       "        434619369449.000000],\n",
       "       [193331191.000000, 662133752.000000, 438003499.000000,\n",
       "        471674253298.000000, 15886474400668.000000, 287827704.000000,\n",
       "        2495640.000000, 67325022.000000, 658068204.000000,\n",
       "        1538933008.000000, 411415656695.000000, 60258596603.000000,\n",
       "        381995064275.000000, 16855694660.000000, 18958262520245.000000,\n",
       "        9189663182.930897, -23612605206.399006, 434619369449.000000,\n",
       "        14167742946397.000000]])"
      ]
     },
     "execution_count": 100,
     "metadata": {},
     "output_type": "execute_result"
    }
   ],
   "source": [
    "np.set_printoptions(formatter={'float_kind' : '{:f}'.format}) #configuración del formato númerico\n",
    "# Multiplicamos  nuestra Xtranspuesta * X\n",
    "XT_X = np.matmul(np.matrix.transpose(X), X)\n",
    "XT_X"
   ]
  },
  {
   "cell_type": "code",
   "execution_count": 101,
   "id": "2df86eab-6a1f-4bbe-9b40-d23f611295cf",
   "metadata": {
    "execution": {
     "iopub.execute_input": "2025-08-05T17:21:50.579781Z",
     "iopub.status.busy": "2025-08-05T17:21:50.579470Z",
     "iopub.status.idle": "2025-08-05T17:21:50.585296Z",
     "shell.execute_reply": "2025-08-05T17:21:50.584754Z",
     "shell.execute_reply.started": "2025-08-05T17:21:50.579761Z"
    }
   },
   "outputs": [
    {
     "data": {
      "text/plain": [
       "array([[0.000000, -0.000000, 0.000000, -0.000000, 0.000000, -0.000000,\n",
       "        0.000001, -0.000000, 0.000000, -0.000000, 0.000000, -0.000000,\n",
       "        0.000000, 0.000000, -0.000000, -0.000000, -0.000003, 0.000000,\n",
       "        0.000000],\n",
       "       [-0.000000, 0.000122, -0.000040, -0.000000, 0.000000, 0.000011,\n",
       "        0.000059, 0.000010, -0.000007, 0.000020, -0.000000, -0.000000,\n",
       "        0.000000, 0.000000, -0.000000, 0.000018, 0.000013, 0.000000,\n",
       "        0.000000],\n",
       "       [0.000000, -0.000040, 0.000374, -0.000000, -0.000000, -0.000111,\n",
       "        0.000012, -0.000004, -0.000016, -0.000020, -0.000000, -0.000000,\n",
       "        -0.000003, -0.000000, 0.000000, -0.000030, 0.000030, 0.000000,\n",
       "        0.000000],\n",
       "       [-0.000000, -0.000000, -0.000000, 0.000000, -0.000000, 0.000000,\n",
       "        -0.000000, -0.000000, -0.000000, -0.000000, 0.000000, 0.000000,\n",
       "        0.000000, 0.000000, -0.000000, 0.000000, -0.000000, -0.000000,\n",
       "        -0.000000],\n",
       "       [0.000000, 0.000000, -0.000000, -0.000000, 0.000000, 0.000000,\n",
       "        0.000000, -0.000000, 0.000000, -0.000000, -0.000000, 0.000000,\n",
       "        0.000000, 0.000000, -0.000000, 0.000000, -0.000000, 0.000000,\n",
       "        -0.000000],\n",
       "       [-0.000000, 0.000011, -0.000111, 0.000000, 0.000000, 0.000444,\n",
       "        -0.000012, -0.000010, 0.000023, -0.000028, -0.000000, 0.000000,\n",
       "        -0.000001, -0.000000, 0.000000, -0.000111, 0.000120, 0.000000,\n",
       "        0.000000],\n",
       "       [0.000001, 0.000059, 0.000012, -0.000000, 0.000000, -0.000012,\n",
       "        0.010505, -0.000495, -0.000031, 0.000037, -0.000000, 0.000000,\n",
       "        -0.000001, -0.000000, 0.000000, 0.000024, 0.000171, 0.000000,\n",
       "        -0.000000],\n",
